MET1A ALA2A LEU3A LYS4A ARG5A ILE6A HIS7A LYS8A GLU9A LEU10A ASN11A ASP12A LEU13A ALA14A ARG15A ASP16A PRO17A PRO18A ALA19A GLN20A CYS21A SER22A ALA23A GLY24A PRO25A VAL26A GLY27A ASP28A ASP29A MET30A PHE31A HIS32A TRP33A GLN34A ALA35A THR36A ILE37A MET38A GLY39A PRO40A ASN41A ASP42A SER43A PRO44A TYR45A GLN46A GLY47A GLY48A VAL49A PHE50A PHE51A LEU52A THR53A ILE54A HIS55A PHE56A PRO57A THR58A ASP59A TYR60A PRO61A PHE62A LYS63A PRO64A PRO65A LYS66A VAL67A ALA68A PHE69A THR70A THR71A ARG72A ILE73A TYR74A HIS75A PRO76A ASN77A ILE78A ASN79A SER80A ASN81A GLY82A SER83A ILE84A CYS85A LEU86A ASP87A ILE88A LEU89A ARG90A SER91A GLN92A TRP93A SER94A PRO95A ALA96A LEU97A THR98A ILE99A SER100A LYS101A VAL102A LEU103A LEU104A SER105A ILE106A CYS107A SER108A LEU109A LEU110A CYS111A ASP112A PRO113A ASN114A PRO115A ASP116A ASP117A PRO118A LEU119A VAL120A PRO121A GLU122A ILE123A ALA124A ARG125A ILE126A TYR127A LYS128A THR129A ASP130A ARG131A GLU132A LYS133A TYR134A ASN135A ARG136A ILE137A ALA138A ARG139A GLU140A TRP141A THR142A GLN143A LYS144A TYR145A ALA146A MET147A 
MET1A 0 0.130202 0.0110389 0.0503765 0.0084773 0.00511673 0.00215859 0.0068423 0.00969319 0.000368312 0.0210003 0.0593522 0.00488431 0.000338447 0.00189594 0.000796061 0.00408407 0.0762945 0.0803078 0.0880955 0.00492516 0.0248324 0.00141186 0.00259841 0.000874843 0.00659443 0.00518681 0.00371974 0.0041996 0.0 0.00113646 0.00732473 0.00203226 0.000527285 0.0 0.00534431 0.00987199 0.00302174 0.0 0.0 0.0123621 0.0490415 0.0 0.000729105 0.0 0.00235898 0.000751614 0.0 0.00356299 0.00219712 0.0189491 0.0 0.0 0.000582844 0.0 0.000948658 0.000405319 0.010157 0.0380482 0.00180975 0.000989155 0.000318916 0.000797763 0.0 0.0 0.00150706 0.0 0.000551154 0.0 0.0 0.0 0.0112311 0.00186286 0.000649003 0.00272352 0.00745764 0.000529728 0.0028443 0.00444055 0.000774129 0.000678897 0.0025549 0.0 0.0 0.0 0.0 0.00372092 0.0119415 0.0 0.000748377 0.0140637 0.00340415 0.00149468 0.00018071 0.000693317 0.0 0.0 0.0240824 0.0195087 0.0361265 0.000704145 0.0 0.0178949 0.00082593 0.0 0.0 0.0 0.0 0.00309725 0.000952954 0.0102374 0.0 0.00102201 0.00409467 0.00248913 0.0161997 0.049338 0.000870392 0.00119079 0.0156623 0.0 0.0448749 0.0 0.0 0.00472094 0.00262374 0.000564545 0.000806991 0.0035817 0.0101158 0.0062781 0.0834738 0.00622603 0.000704135 0.0188918 0.0528604 0.00703896 0.0 0.030532 0.00427223 0.0 0.0 0.00178724 0.00187227 0.00135456 0.00282469 0.00231897 
ALA2A 0.130202 0 0.00886926 0.0722542 0.0187364 0.0258409 0.00335653 0.00676286 0.00354828 0.0 0.000694228 0.0084399 0.0048853 0.0031653 0.000901772 0.0207893 0.0 0.0 0.0 0.00665295 0.00227122 0.0 0.0 0.0 0.00127595 0.00976684 0.00327334 0.00122085 0.0 0.0 0.00946378 0.0313522 0.00761847 0.0 0.0 0.00121785 0.00252635 0.00156402 0.0 0.0 0.0 0.0 0.0154133 0.0 0.0 0.00111489 0.0 0.0 0.00047749 0.0 0.00124866 0.0 0.000571254 0.00050481 0.000879877 0.00536651 0.000543479 0.00271626 0.0164683 0.00672125 0.000690185 0.0 0.0 0.0 0.000743029 0.0016881 0.0 0.0 0.0 0.0 0.0 0.001589 0.0 0.00118497 0.000797582 0.000476975 0.0 0.000784231 0.0 0.0 0.000338359 0.0 0.000586929 0.0 0.0 0.0 0.008573 0.0 0.0 0.010463 0.0 0.0 0.0 0.0 0.0 0.0 0.0 0.00513281 0.00492036 0.00483609 0.000303206 0.000642968 0.0216239 0.000352691 0.000385087 0.00148114 0.0 0.0 0.0 0.0 0.0 0.0 0.0 0.0 0.000618407 0.000744119 0.00107993 0.000530852 0.00103826 0.0 0.0 0.0 0.0 0.0 0.000447452 0.0 0.0 0.0 0.0 0.0 0.0 0.00197584 0.000310793 0.0 0.0 0.0 0.0 0.0 0.0137369 0.00260288 0.0 0.0 0.0 0.000439284 0.00197503 0.0 0.0 
LEU3A 0.0110389 0.00886926 0 0.133801 0.0378789 0.0287229 0.0820724 0.00236794 0.00191495 0.000867351 0.000679052 0.00556528 0.00130166 0.000977522 0.0 0.00204835 0.000780831 0.00463285 0.0 0.0496113 0.0 0.0 0.00806059 0.0251858 0.00896396 0.00912477 0.0372933 0.00421448 0.0604151 0.0659105 0.355586 0.0920772 0.0607268 0.00123665 0.000638995 0.0188791 0.0005369 0.0 0.0 0.000572323 0.00990321 0.0187183 0.00765506 0.00183293 0.0 0.0 0.0 0.0 0.0 0.0 0.00730128 0.0 0.00109199 0.00374798 0.017838 0.0303105 0.00181021 0.0111682 0.000612921 0.00328957 0.0 0.0 0.0 0.0 0.0 0.00135188 0.00345392 0.000575497 0.0 0.0 0.00516809 0.0972638 0.0 0.000652087 0.00128639 0.000730214 0.00616009 0.0 0.0329192 0.00146076 0.000423733 0.00659914 0.0028203 0.000814085 0.0 0.0 0.00133939 0.0160506 0.00178993 0.0128217 0.0 0.000956343 0.0 0.0 0.0 0.0 0.00335459 0.0039317 0.000934845 0.0472533 0.00176711 0.0 0.008851 0.0 0.000492195 0.0 0.0 0.0 0.0 0.0 0.0 0.0 0.000697039 0.0 0.0 0.00104212 0.00129026 0.0 0.0 0.0 0.0 0.000542819 0.0 0.00767369 0.00178615 0.0231467 0.00624087 0.00358088 0.0577978 0.0228432 0.0396853 0.00438532 0.013397 0.00982623 0.000724762 0.00338027 0.0188974 0.0 0.0650221 0.00497997 0.0 0.00159439 0.000834259 0.00103929 0.00393398 0.00441127 0.00108354 
LYS4A 0.0503765 0.0722542 0.133801 0 0.274886 0.0185651 0.0276931 0.0562207 0.00532 0.00149819 0.0014107 0.012742 0.00156414 0.00557722 0.0584554 0.0434101 0.00698954 0.0269421 0.0251327 0.0185238 0.00059689 0.000667454 0.0 0.00640895 0.00404629 0.0441663 0.00674067 0.0156672 0.0084489 0.00629878 0.00890432 0.169482 0.0130045 0.00900795 0.0 0.00346429 0.00378674 0.00254904 0.0 0.000658886 0.0 0.00259941 0.00308638 0.0 0.0 0.00477332 0.00102177 0.0 0.00384129 0.00162963 0.00824666 0.00142601 0.00438842 0.00368777 0.0514502 0.00311716 0.0 0.00434282 0.00497007 0.0 0.0 0.0 0.00471546 0.0 0.000726956 0.00874092 0.00265603 0.000568629 0.00293713 0.00140107 0.0 0.0234557 0.000627789 0.0 0.00310065 0.000518416 0.00928602 0.00654206 0.051122 0.0665361 0.00241027 0.00959371 0.0133105 0.00916474 0.00317891 0.0023355 0.0318318 0.000908583 0.0 0.00168182 0.00329969 0.0105813 0.0 0.00177991 0.0 0.0 0.00061488 0.00397956 0.00839541 0.0670448 0.00504839 0.0 0.0 0.0 0.00403569 0.00198265 0.00844459 0.000407028 0.00127479 0.0 0.00461813 0.0 0.0242464 0.0680415 0.000735529 0.00755156 0.00295064 0.00342025 0.0137576 0.00534444 0.00138424 0.0163463 0.000729175 0.00119739 0.0670664 0.00626965 0.0106841 0.0270164 0.00333288 0.00299292 0.00402916 0.00302197 0.0351649 0.00303961 0.01083 0.0142234 0.00787798 0.0 0.0276058 0.00147687 0.000767025 0.0 0.00234674 0.0072721 0.000859409 0.0 0.00141621 
ARG5A 0.0084773 0.0187364 0.0378789 0.274886 0 0.221253 0.0605317 0.0843679 0.260848 0.0487808 0.0107027 0.082069 0.00169546 0.00300438 0.0476569 0.0279853 0.00467921 0.0132568 0.0127681 0.00814094 0.00287523 0.00629882 0.00209446 0.00653194 0.00236459 0.0309755 0.00643974 0.0109927 0.00738949 0.0229855 0.00769794 0.0477108 0.0134218 0.00471689 0.0 0.000605063 0.0223576 0.00772055 0.00244766 0.00415364 0.00209937 0.0070363 0.0299128 0.0 0.00052301 0.00573352 0.0 0.0 0.000861273 0.0 0.0 0.00355263 0.00333847 0.00093296 0.0370911 0.0181979 0.000786572 0.000681929 0.00541475 0.0132227 0.00464834 0.0 0.00194806 0.000766129 0.00198985 0.000412381 0.00154148 0.00077987 0.00140957 0.0 0.0 0.0106588 0.0 0.0 0.0 0.0 0.000691406 0.000684268 0.0335418 0.00780675 0.00181812 0.00320067 0.00681451 0.00106182 0.00718996 0.00335701 0.00773873 0.0 0.000855956 0.0379158 0.0001032 0.0102325 0.000825211 0.00566692 0.00527261 0.00427624 0.0365615 0.0334988 0.0150429 0.0509694 0.00232687 0.00219354 0.0 0.0 0.00176959 0.000668934 0.0 0.0 0.0 0.000888773 0.00695177 0.00398073 0.0 0.00646743 0.00115632 0.0146519 0.00454273 0.00095298 0.0122675 0.00437045 0.00502437 0.0551538 0.0 0.0 0.023722 0.00427012 0.00139682 0.00385288 0.00578216 0.0387643 0.0191055 0.0132117 0.0329064 0.00491909 0.00500698 0.0355198 0.0137625 0.0 0.0410789 0.00510091 0.0 0.0 0.00160749 0.0119731 0.000806929 0.0 0.0 
ILE6A 0.00511673 0.0258409 0.0287229 0.0185651 0.221253 0 0.139561 0.0161523 0.0136933 0.00431997 0.000893858 0.0145894 0.00249996 0.000886948 0.00119291 0.00543567 0.00100721 0.000860489 0.0 0.00191713 0.0 0.00277766 0.00328923 0.010173 0.00318308 0.0361603 0.0187454 0.00408415 0.00663189 0.0325824 0.016124 0.0220478 0.0302471 0.00849646 0.0 0.0 0.0065974 0.00304996 0.000435832 0.0 0.000847464 0.00627999 0.00645864 0.0 0.0 0.000593745 0.0 0.0 0.0 0.0 0.0 0.00137941 0.00296522 0.00246354 0.0122132 0.0266819 0.0 0.0 0.0062542 0.000794561 0.0 0.000621182 0.00135259 0.0 0.0 0.00274363 0.00410789 0.0 0.00179649 0.0 0.0 0.00202057 0.0 0.0 0.0 0.0 0.00208951 0.00174497 0.00581155 0.00233024 0.0020188 0.0 0.00184737 0.0 0.00449823 0.0085225 0.00186295 0.00213529 0.000553778 0.00870575 0.000836462 0.00372164 0.0 0.0 0.0 0.0 0.000741929 0.00397786 0.0127756 0.012274 0.00161665 0.0 0.00438417 0.0 0.00248983 0.0 0.0 0.000664415 0.0 0.00227576 0.00175192 0.00102959 0.0 0.0061633 0.0 0.0164869 0.000789342 0.0 0.000837657 0.0 0.0 0.00283342 0.0 0.000733493 0.00553042 0.00502932 0.000682582 0.00269184 0.00423145 0.0151333 0.0162033 0.00984638 0.00458001 0.0057058 0.00742488 0.00367902 0.0 0.0 0.0269796 0.0 0.0 0.0 0.000367858 0.00311185 0.0 0.0 0.000532177 
HIS7A 0.00215859 0.00335653 0.0820724 0.0276931 0.0605317 0.139561 0 0.237388 0.0446708 0.0164599 0.0226765 0.0441807 0.0170953 0.0 0.0297022 0.00248348 0.0 0.0179417 0.0141921 0.0500998 0.0 0.0 0.0114287 0.0329351 0.00552018 0.280386 0.11703 0.0260016 0.0282373 0.099495 0.0265067 0.129546 0.106493 0.0259328 0.0 0.0179039 0.00129848 0.0 0.000860789 0.0 0.0144353 0.0297258 0.0203924 0.00706951 0.000683017 0.0949854 0.0 0.00310099 0.00943739 0.00338903 0.00608994 0.0 0.000871343 0.0025806 0.121733 0.00531199 0.0 0.00137373 0.00482405 0.0034537 0.0 0.0 0.00094534 0.0 0.0 0.000678802 0.00183547 0.0 0.0 0.000470888 0.0 0.00160764 0.00187034 0.000382361 0.0 0.00192858 0.0044751 0.0228901 0.0868746 0.079045 0.0066452 0.00788055 0.0132091 0.00326688 0.0 0.0 0.0 0.0273229 0.0 0.00178827 0.0 0.000851038 0.0 0.000732692 0.0 0.0 0.00143439 0.0331923 0.0 0.228822 0.000981154 0.00430262 0.000725623 0.0 0.0319843 0.000615416 0.0 0.0 0.000934696 0.0208836 0.0 0.0 0.00144437 0.00153797 0.0 0.102347 0.0 0.0 0.00295355 0.0 0.0 0.00722642 0.00867926 0.00990176 0.0328126 0.0500717 0.0245981 0.0173068 0.079539 0.144759 0.0893031 0.00814552 0.0375222 0.0481009 0.000800544 0.0624952 0.0 0.0 0.209457 0.00301149 0.0 0.0 0.0 0.0 0.00244633 0.00140379 0.0 
LYS8A 0.0068423 0.00676286 0.00236794 0.0562207 0.0843679 0.0161523 0.237388 0 0.3958 0.103221 0.0317448 0.378299 0.0200619 0.00392385 0.221749 0.0402451 0.00378715 0.0941605 0.0989544 0.0569593 0.0174566 0.00226427 0.000776162 0.013441 0.00909065 0.0390066 0.0141523 0.00265422 0.00652662 0.00499254 0.00161002 0.187831 0.0106709 0.00973638 0.0 0.00632856 0.0334844 0.010878 0.0063907 0.00794734 0.0132911 0.00869941 0.101429 0.00492774 0.00767219 0.0807361 0.000471603 0.00112317 0.00562745 0.00237849 0.00642619 0.0106738 0.00176578 0.00392678 0.0614261 0.00741184 0.00239896 0.00091156 0.0300878 0.00379733 0.00217801 0.0138414 0.00652211 0.0 0.000929499 0.027258 0.00608564 0.0125078 0.0217576 0.00418458 0.0149931 0.00742556 0.0054575 0.00274283 0.00538287 0.0053145 0.00667283 0.00170373 0.104974 0.105475 0.00620737 0.0130458 0.0104953 0.0130054 0.032619 0.00755666 0.0148198 0.000523026 0.0271018 0.180178 0.00390053 0.00289661 0.000891377 0.00222577 0.0010735 0.0 0.00191753 0.11877 0.0232746 0.167101 0.0201237 0.0246703 0.23058 0.0055861 0.00206104 0.00569909 0.00102424 0.000311532 0.00094856 0.0409697 0.00222347 0.00420375 0.00585063 0.0192733 0.00441661 0.014433 0.0199583 0.00520688 0.0139059 0.0321085 0.0246704 0.328601 0.0125408 0.00151747 0.0480998 0.00514607 0.00898548 0.00995357 0.0237787 0.147257 0.0324964 0.0262282 0.162316 0.0114186 0.00059618 0.0351799 0.0373989 0.0 0.190063 0.010586 0.00500034 0.00162914 0.0185504 0.0956932 0.00176404 0.000689756 0.0 
GLU9A 0.00969319 0.00354828 0.00191495 0.00532 0.260848 0.0136933 0.0446708 0.3958 0 0.3051 0.0224208 0.179642 0.0322911 0.00222114 0.091535 0.0257019 0.00581343 0.0425928 0.0488449 0.0198443 0.0109992 0.00434194 0.00388387 0.00895113 0.00151177 0.0346184 0.00758003 0.00596373 0.00324581 0.00591785 0.00844714 0.0503144 0.0186801 0.00707707 0.0 0.0 0.0572724 0.0213889 0.0138035 0.0116988 0.0124 0.0190762 0.0610146 0.0 0.00087959 0.0166192 0.0 0.000964993 0.00243082 0.0 0.00126943 0.00569456 0.00195774 0.000822376 0.049266 0.0064126 0.0 0.0 0.0198795 0.022566 0.00253005 0.00174432 0.00588002 0.00146926 0.00285662 0.00942357 0.00821812 0.000705463 0.00212492 0.000952423 0.0 0.00937897 0.0 0.0 0.00136319 0.0 0.00377577 0.00463258 0.0327816 0.00507318 0.00178795 0.00368259 0.00913619 0.000439268 0.00407317 0.00479214 0.000593199 0.000656441 0.00210286 0.0942575 0.0039677 0.00310463 0.000870091 0.0 0.0 0.0 0.0109811 0.0581804 0.0150046 0.100542 0.0104955 0.00898644 0.0110244 0.00231518 0.00134481 0.000718288 0.0 0.001053 0.0 0.0120527 0.0120264 0.0102617 0.00559578 0.0169817 0.00196747 0.0185469 0.00605725 0.000843946 0.00648199 0.0119171 0.0118052 0.146029 0.00477968 0.0 0.0238922 0.012374 0.00775633 0.00569863 0.0104481 0.0796098 0.0275072 0.016607 0.0819695 0.0163578 0.00788861 0.0507462 0.0170609 0.0 0.0960898 0.00685348 0.000675814 0.0 0.00345268 0.0107143 0.000743813 0.0 0.0 
LEU10A 0.000368312 0.0 0.000867351 0.00149819 0.0487808 0.00431997 0.0164599 0.103221 0.3051 0 0.237818 0.142475 0.0217592 0.0129637 0.0596403 0.00468474 0.000883407 0.00707657 0.00212807 0.0532253 0.0042789 0.00264397 0.00585496 0.0124129 0.00174495 0.0 0.00723494 0.00120649 0.0319097 0.00323197 0.00404511 0.0635956 0.0189761 0.0254532 0.0 0.0265223 0.041856 0.0219988 0.0 0.0222349 0.0252432 0.0409501 0.177393 0.00327108 0.00844413 0.0129089 0.00128814 0.00178308 0.00390556 0.00103567 0.00582111 0.00070915 0.00451478 0.000860901 0.050232 0.0126753 0.0 0.00536116 0.00701866 0.00290347 0.0 0.0 0.0144235 0.0 0.0 0.000647267 0.0 0.0 0.0043056 0.00103196 0.00121345 0.0158652 0.0 0.0 0.00237585 0.00206581 0.00300207 0.00207368 0.00629368 0.0141294 0.0 0.000531849 0.0 0.00454849 0.0007666 0.00178733 0.0 0.00174219 0.0 0.0595316 0.0 0.0 0.0 0.0005225 0.0 0.0 0.0 0.0372176 0.0 0.0948116 0.00336143 0.00112754 0.0 0.00165689 0.000680558 0.0 0.0 0.000722884 0.00194574 0.00854365 0.0 0.0 0.0 0.0162098 0.0218571 0.0881584 0.0548283 0.0202521 0.0125946 0.0220764 0.00769264 0.0259134 0.00923526 0.0 0.0231681 0.0130087 0.0031514 0.0139696 0.0212056 0.0477045 0.00608265 0.0703532 0.0532341 0.00108348 0.00123157 0.0438302 0.000774799 0.0 0.0904327 0.0169095 0.00295964 0.0 0.000289395 0.00518417 0.0 0.0 0.0 
ASN11A 0.0210003 0.000694228 0.000679052 0.0014107 0.0107027 0.000893858 0.0226765 0.0317448 0.0224208 0.237818 0 0.258936 0.0310622 0.026466 0.334945 0.12084 0.00501352 0.0319834 0.0331695 0.0431612 0.0048326 0.0 0.0 0.00507906 0.00563878 0.0789699 0.0105693 0.00320191 0.00151563 0.00459979 0.00107946 0.00416727 0.00354128 0.000648326 0.0 0.0100236 0.00145758 0.000945516 0.0 0.000370096 0.00179051 0.00252642 0.00434644 0.00121557 0.0 0.00999895 0.000726352 0.0 0.00196725 0.0 0.00223592 0.0 0.0643166 0.0011746 0.0 0.00267748 0.00168357 0.00349799 0.08348 0.0021975 0.0 0.0 0.0110514 0.0 0.00140007 0.00222418 0.000401862 0.0 0.0 0.0 0.000790717 0.0169386 0.0 0.0 0.0 0.0 0.00453892 0.00694293 0.210601 0.0451402 0.0190823 0.0160223 0.0103432 0.0193879 0.103691 0.000646949 0.0 0.0056812 0.00347506 0.00835598 0.00129414 0.027218 0.000420612 0.00195526 0.0 0.0 0.0 0.00520481 0.00870572 0.0548518 0.00144998 0.000950344 0.00214501 0.000964972 0.0 0.0 0.0 0.0 0.00084457 0.00363667 0.0675038 0.00439007 0.0121066 0.00989715 0.000789279 0.0115801 0.0 0.0 0.0049 0.00517481 0.00186812 0.0267518 0.00202607 0.00101376 0.0159276 0.0055474 0.00371104 0.00338125 0.0123827 0.073338 0.0355031 0.0454734 0.0609311 0.0293607 0.00793511 0.216474 0.0646568 0.0 0.0367681 0.0204938 0.0103615 0.0 0.00924885 0.0618278 0.00291146 0.0 0.0 
ASP12A 0.0593522 0.0084399 0.00556528 0.012742 0.082069 0.0145894 0.0441807 0.378299 0.179642 0.142475 0.258936 0 0.23625 0.0318834 0.418985 0.149774 0.04806 0.131566 0.132456 0.106778 0.0234827 0.00357179 0.00429314 0.0286929 0.0185547 0.256056 0.0688391 0.018227 0.0168533 0.0130806 0.00216728 0.343861 0.0721638 0.11537 0.000596484 0.00536849 0.0534967 0.0409772 0.000808391 0.0441336 0.0512015 0.069291 0.241938 0.00540365 0.00461533 0.040413 0.00284869 0.000677792 0.0168951 0.00960997 0.00642956 0.0191318 0.00186522 0.00509605 0.289897 0.0259302 0.0 0.00322421 0.0102245 0.0066371 0.000831698 0.003044 0.00743183 0.0 0.00269577 0.0156327 0.000812142 0.00441475 0.0107512 0.00186889 0.00604348 0.0452614 0.00194172 0.0027504 0.00827613 0.00995657 0.0129945 0.0012844 0.00946651 0.0224521 0.00174435 0.005301 0.00437253 0.0113817 0.0302025 0.00232722 0.045475 0.00137275 0.0208382 0.433543 0.0209577 0.0606932 0.00820975 0.00146995 0.0 0.0 0.00741394 0.244415 0.0256232 0.511069 0.0547648 0.0214075 0.00222517 0.00707252 0.00535688 0.00934054 0.000354361 0.0 0.00471234 0.023815 0.0 0.00220198 0.00240726 0.00389004 0.00669599 0.0953417 0.0173849 0.00540529 0.0599521 0.0283433 0.0432016 0.475557 0.0148566 0.0 0.193743 0.00425598 0.00196933 0.0176197 0.0156055 0.362783 0.150754 0.40534 0.378863 0.0031933 0.0050851 0.234045 0.00396676 0.00219479 0.457979 0.00843833 0.0112771 0.0029849 0.0259313 0.217096 0.0223433 0.00118287 0.00214493 
LEU13A 0.00488431 0.0048853 0.00130166 0.00156414 0.00169546 0.00249996 0.0170953 0.0200619 0.0322911 0.0217592 0.0310622 0.23625 0 0.339926 0.0777734 0.0270955 0.0105154 0.0335535 0.0395084 0.0138086 0.0133157 0.0136504 0.0137245 0.012379 0.000689544 0.0351805 0.0164218 0.023109 0.00213503 0.0383053 0.00671079 0.0376177 0.0178857 0.0105046 0.000557678 0.00234681 0.0227476 0.00892249 0.0 0.00265243 0.00565237 0.016849 0.0240049 0.0 0.00209596 0.0036179 0.0 0.0022396 0.00638636 0.00308489 0.00332477 0.00136569 0.0114129 0.000369218 0.0240303 0.00392267 0.0 0.0 0.00614919 0.0 0.0 0.000448257 0.00160992 0.0 0.0 0.00500969 0.0 0.0 0.0 0.000574782 0.000428806 0.0 0.0 0.0 0.0 0.0 0.0 0.00159868 0.0216787 0.0114476 0.00131402 0.00683693 0.00884289 0.00144443 0.00699628 0.00871249 0.0 0.000447694 0.000399223 0.0222493 0.00113749 0.00762107 0.00132883 0.00328427 0.0 0.0 0.000739631 0.00687105 0.000514705 0.01663 0.00179019 0.00218841 0.000951661 0.00312472 0.00113083 0.0 0.0 0.0 0.000845763 0.0198347 0.00448161 0.00942492 0.00387685 0.0101982 0.00133383 0.0188436 0.00561732 0.0014625 0.00740671 0.00296141 0.0 0.0185023 0.0015923 0.000747962 0.00901267 0.00309044 0.00255931 0.00331628 0.0139625 0.0120256 0.0125025 0.00756613 0.0127532 0.00411061 0.0210978 0.0262457 0.00405725 0.0 0.0706742 0.00217288 0.000600711 0.0 0.00233354 0.0130997 0.0014628 0.00168117 0.000400824 
ALA14A 0.000338447 0.0031653 0.000977522 0.00557722 0.00300438 0.000886948 0.0 0.00392385 0.00222114 0.0129637 0.026466 0.0318834 0.339926 0 0.224774 0.0546558 0.0133832 0.011061 0.0170189 0.0153254 0.00588769 0.0 0.0 0.00172238 0.00236294 0.00285293 0.0 0.0 0.00178936 0.00217065 0.000794131 0.0122151 0.00198909 0.000542961 0.0 0.000177498 0.000571281 0.00101195 0.0 0.0 0.000502387 0.0 0.00362291 0.0 0.0 0.000717465 0.0 0.0 0.0 0.0 0.0018117 0.0 0.00344693 0.000683126 0.00502254 0.00145579 0.0 0.0 0.00513295 0.0 0.0 0.0 0.00283899 0.0 0.0 0.00061906 0.0 0.00169216 0.00259796 0.0 0.0 0.0 0.0 0.0 0.0 0.0 0.00128653 0.0 0.00604096 0.00516175 0.0 0.00121533 0.000919772 0.0 0.00380241 0.0 0.00215805 0.00192277 0.0 0.000799291 0.000557013 0.00430314 0.0 0.0 0.0 0.0 0.0 0.0 0.0 0.0112254 0.00093584 0.0 0.0 0.0 0.00119545 0.0 0.0 0.0 0.0 0.0 0.0 0.00315869 0.0 0.0 0.00045947 0.000477822 0.0 0.0 0.0 0.000480428 0.0 0.00812725 0.0 0.0 0.0 0.00226908 0.0 0.0 0.00434695 0.00784496 0.00873107 0.0 0.000914915 0.0 0.0 0.00511709 0.000673861 0.0 0.00252649 0.0110467 0.0 0.0 0.00101488 0.00436357 0.000884185 0.0 0.0 
ARG15A 0.00189594 0.000901772 0.0 0.0584554 0.0476569 0.00119291 0.0297022 0.221749 0.091535 0.0596403 0.334945 0.418985 0.0777734 0.224774 0 1.26151 0.074458 0.143454 0.173271 0.238809 0.0211091 0.00172591 0.00263922 0.017251 0.0189903 0.337473 0.0419222 0.013631 0.0549292 0.00790359 0.00494721 0.358681 0.0180657 0.0150058 0.0 0.0265074 0.0 0.0 0.0 0.0 0.0135414 0.112825 0.00744214 0.0056965 0.00340549 0.0758988 0.0 0.00710916 0.0289433 0.00416631 0.0 0.0 0.00833283 0.00114163 0.226379 0.00282233 0.00306017 0.0124872 0.109036 0.00470721 0.00150163 0.00307004 0.00249904 0.0 0.000749815 0.0295079 0.0134754 0.000817171 0.00126666 0.0 0.00323933 0.0558116 0.00571475 0.00202825 0.0014383 0.00147757 0.0312276 0.0129612 0.540314 0.208832 0.0208988 0.0541251 0.0491821 0.0233846 0.090576 0.0 0.0 0.0441789 0.0296218 0.0441265 0.000186618 0.0452609 0.00280117 0.000489242 0.00297029 0.0 0.0127603 0.114013 0.103585 0.475021 0.00846811 0.00502877 0.0294927 0.000817572 0.00313137 0.000605704 0.0 0.0 0.000319488 0.0374602 0.121882 0.0 0.0 0.100832 0.00076143 0.0140741 0.00766822 0.00671856 0.069294 0.0204356 0.0310481 0.103205 0.0046855 0.0104978 0.118044 0.0269543 0.0142591 0.0160091 0.0663382 0.23821 0.128891 0.0565295 0.191618 0.0331436 0.0352787 0.501035 0.0513595 0.000708411 0.261779 0.179741 0.0207728 0.00328854 0.0164505 0.104802 0.00577837 0.00300664 0.00167133 
ASP16A 0.000796061 0.0207893 0.00204835 0.0434101 0.0279853 0.00543567 0.00248348 0.0402451 0.0257019 0.00468474 0.12084 0.149774 0.0270955 0.0546558 1.26151 0 0.264176 0.0324895 0.0466039 0.0964446 0.0120409 0.00416017 0.0 0.00286838 0.00444496 0.0 0.0 0.000927312 0.0136985 0.0 0.00353155 0.10595 0.00251311 0.00479362 0.0 0.00325354 0.0 0.0 0.0 0.00089728 0.0 0.026727 0.0105664 0.00424321 0.00102683 0.0309476 0.0 0.00055044 0.0 0.00045245 0.0101882 0.0 0.0109298 0.00132105 0.0179227 0.00532199 0.000668347 0.0129827 0.132952 0.00113742 0.00118067 0.00100477 0.0345108 0.000619752 0.00110765 0.0040831 0.0165673 0.00229972 0.00709805 0.00116562 0.0048498 0.0479026 0.00755469 0.00313414 0.00190046 0.00679747 0.00581181 0.00645502 0.273073 0.111754 0.00365208 0.0272851 0.00635322 0.00252037 0.0 0.0 0.0113495 0.000722239 0.00611123 0.00624055 0.00248308 0.065773 0.000579634 0.0 0.00136347 0.0 0.00207023 0.0014429 0.0569666 0.22957 0.000546465 0.000673346 0.000564043 0.0 0.0 0.00146104 0.000543883 0.000364008 0.001223 0.000964828 0.0397301 0.00124919 0.00284725 0.0 0.00110203 0.000321469 0.0 0.0 0.170843 0.0105776 0.0097599 0.00382415 0.000650987 0.00314567 0.0202753 0.0 0.0307084 0.00649796 0.0 0.0153964 0.0211421 0.000568259 0.0146411 0.00121176 0.00583904 0.370483 0.0116607 0.0 0.0113841 0.00131084 0.00318148 0.0 0.00141139 0.0 0.00209632 0.0 0.00121527 
PRO17A 0.00408407 0.0 0.000780831 0.00698954 0.00467921 0.00100721 0.0 0.00378715 0.00581343 0.000883407 0.00501352 0.04806 0.0105154 0.0133832 0.074458 0.264176 0 0.0579742 0.0473635 0.0461524 0.0174883 0.0035678 0.00261505 0.00624283 0.00285037 0.00998281 0.00323406 0.0108748 0.00331545 0.0 0.00177563 0.0206817 0.00658381 0.0 0.0 0.00450802 0.00511841 0.0167549 0.00177403 0.0 0.000859762 0.0178831 0.0 0.0 0.000433422 0.00486604 0.0012536 0.000908332 0.00297672 0.000939746 0.000738616 0.00117725 0.0 0.0 0.00321102 0.00361767 0.0 0.00148065 0.00104903 0.0 0.0 0.0 0.0 0.0 0.0 0.00186552 0.000962357 0.0013139 0.0 0.0 0.00181496 0.038641 0.0 0.0 0.000656831 0.0 0.00247361 0.00215753 0.0165947 0.00255435 0.000996154 0.00453045 0.00548914 0.0 0.0 0.000920633 0.0 0.00544805 0.00303156 0.00390307 0.0 0.003282 0.000506139 0.0 0.0 0.0 0.0 0.00553862 0.0 0.0187725 0.00151892 0.000931772 0.00056268 0.0170704 0.00100092 0.000848209 0.0 0.000953219 0.0 0.00238937 0.00142804 0.0 0.0 0.00118749 0.000703578 0.00128815 0.00352355 0.0 0.00989133 0.0069266 0.00232865 0.0668752 0.00190622 0.0 0.0164453 0.00673028 0.00385635 0.0 0.00576157 0.00444653 0.00147298 0.00171534 0.00135614 0.00158715 0.00327332 0.00657108 0.0111757 0.0 0.0054529 0.0044572 0.000940303 0.0 0.00313657 0.00935978 0.0015644 0.000961251 0.0 
PRO18A 0.0762945 0.0 0.00463285 0.0269421 0.0132568 0.000860489 0.0179417 0.0941605 0.0425928 0.00707657 0.0319834 0.131566 0.0335535 0.011061 0.143454 0.0324895 0.0579742 0 0.775478 0.162307 0.0417278 0.0121254 0.0102826 0.0208335 0.0198733 0.165878 0.0833124 0.166107 0.0633161 0.0075987 0.0323105 0.160736 0.059496 0.0268548 0.0037446 0.0181236 0.0984186 0.0427511 0.0379606 0.00926932 0.0267542 0.139667 0.055027 0.00907896 0.00177742 0.0144529 0.00203275 0.00340758 0.00529755 0.0102705 0.0245032 0.00162124 0.0410301 0.004767 0.0790857 0.0176747 0.0 0.00296741 0.0 0.0 0.0 0.0 0.00167166 0.000605414 0.0 0.00385532 0.00192039 0.0 0.00202496 0.00277558 0.00320653 0.0973848 0.00577508 0.000706008 0.00213904 0.00536991 0.0027011 0.00502337 0.128167 0.0420746 0.018605 0.00941101 0.0404883 0.012809 0.0242629 0.0164596 0.0 0.0113082 0.0120318 0.111316 0.0169877 0.0478941 0.0014758 0.00239825 0.0 0.0 0.00222518 0.0407492 0.0 0.129133 0.00758171 0.00310672 0.010276 0.00711225 0.0 0.00402863 0.00136417 0.000929145 0.00918108 0.0150595 0.00596608 0.00464334 0.0 0.154473 0.00687852 0.137855 0.0473089 0.00505984 0.0155661 0.0134254 0.0169883 0.392773 0.0175612 0.00200283 0.0564366 0.0200657 0.0243162 0.0407457 0.0517693 0.170963 0.0461678 0.042224 0.105515 0.0368363 0.168779 0.0797884 0.0366292 0.00106128 0.2773 0.0599166 0.00550518 0.00305104 0.0288613 0.200975 0.0181852 0.00619723 0.0030504 
ALA19A 0.0803078 0.0 0.0 0.0251327 0.0127681 0.0 0.0141921 0.0989544 0.0488449 0.00212807 0.0331695 0.132456 0.0395084 0.0170189 0.173271 0.0466039 0.0473635 0.775478 0 0.505821 0.0732891 0.0205114 0.0128016 0.0368938 0.0263548 0.210854 0.104643 0.196089 0.0985504 0.0195729 0.0381885 0.248276 0.0689741 0.0536044 0.00481538 0.0237073 0.106647 0.0322545 0.0297833 0.0017234 0.0282512 0.171796 0.0639235 0.011557 0.00113821 0.0270724 0.0 0.000830083 0.00337488 0.0108012 0.0461022 0.00107745 0.0486949 0.00768626 0.105383 0.0158373 0.0 0.00383177 0.00395218 0.00128328 0.0 0.0 0.00146929 0.0 0.000641008 0.00445719 0.0 0.00105193 0.00531906 0.00486308 0.00732198 0.184167 0.0068739 0.000843044 0.00262482 0.00733112 0.00177307 0.00171682 0.151583 0.0497707 0.00389718 0.013495 0.0431519 0.0203676 0.0504095 0.0471915 0.00139791 0.00615149 0.0155403 0.15343 0.0181335 0.0662908 0.00157952 0.00349805 0.0 0.0 0.00299495 0.0481382 0.000699926 0.175646 0.00336425 0.00248279 0.0118422 0.0042209 0.00552239 0.00176526 0.00336423 0.000338773 0.00828797 0.0417614 0.00741043 0.0100656 0.0 0.187129 0.00919688 0.164824 0.0563275 0.00246339 0.0356166 0.0148425 0.0174192 0.426061 0.0202474 0.0019064 0.060029 0.0354734 0.0273842 0.0498257 0.0514461 0.193869 0.038799 0.061058 0.157637 0.037185 0.177798 0.145907 0.0505314 0.00167916 0.319188 0.125129 0.0120895 0.00282671 0.0433071 0.2421 0.0211223 0.00635765 0.00632912 
GLN20A 0.0880955 0.00665295 0.0496113 0.0185238 0.00814094 0.00191713 0.0500998 0.0569593 0.0198443 0.0532253 0.0431612 0.106778 0.0138086 0.0153254 0.238809 0.0964446 0.0461524 0.162307 0.505821 0 0.114527 0.116359 0.0151441 0.0332942 0.0138309 0.318181 0.0801802 0.114405 0.290352 0.192147 0.115742 0.850673 0.0609414 0.159155 0.0192056 0.0260861 0.122302 0.178114 0.091723 0.0431425 0.0297509 0.126501 0.154109 0.00916731 0.0219187 0.185482 0.00375395 0.00757442 0.022873 0.0187617 0.107144 0.0625301 0.0610204 0.00706386 0.341967 0.0466731 0.0 0.0111145 0.0104197 0.00143956 0.0 0.00350039 0.0145568 0.0 0.00127552 0.0157372 0.0129271 0.00777825 0.0193304 0.0168649 0.0316912 0.69317 0.0161136 0.00468433 0.00308598 0.0117991 0.020271 0.0150862 0.212972 0.091322 0.034835 0.0219598 0.0378016 0.0497535 0.132111 0.258705 0.00752711 0.013412 0.0215983 0.177315 0.0176726 0.0662295 0.0182514 0.0330553 0.0 0.0 0.00718049 0.143027 0.0450713 0.695371 0.0146789 0.000466076 0.0330231 0.048725 0.0519651 0.00233854 0.021252 0.00531189 0.00443173 0.145277 0.0559907 0.01823 0.00564331 0.0893262 0.00650437 0.0903938 0.0624249 0.00314845 0.220872 0.0196602 0.0135464 0.272033 0.014934 0.00293681 0.403444 0.0372539 0.0118526 0.048864 0.022077 0.155269 0.0601524 0.313305 0.141848 0.0969574 0.255982 0.271766 0.127417 0.00681992 0.319886 1.05497 0.0427733 0.00312002 0.109095 0.240507 0.0251344 0.00626557 0.0236355 
CYS21A 0.00492516 0.00227122 0.0 0.00059689 0.00287523 0.0 0.0 0.0174566 0.0109992 0.0042789 0.0048326 0.0234827 0.0133157 0.00588769 0.0211091 0.0120409 0.0174883 0.0417278 0.0732891 0.114527 0 0.177637 0.00359267 0.00949273 0.0 0.0184524 0.0039078 0.00309989 0.00301943 0.0037531 0.0023311 0.0323977 0.0049164 0.00573049 0.00352697 0.00844981 0.0661485 0.0289271 0.0184418 0.00614381 0.00585957 0.010414 0.0270514 0.00184882 0.00219676 0.0116864 0.0 0.00169335 0.0037333 0.00187474 0.00470904 0.00445156 0.0140797 0.000945966 0.0045365 0.0 0.0 0.0 0.0 0.0 0.0 0.0 0.00232627 0.0 0.0 0.00224561 0.00119445 0.00194865 0.00549333 0.0 0.00144867 0.0304761 0.0 0.0 0.00102587 0.0 0.00102331 0.0 0.0173299 0.00542398 0.0 0.00187695 0.0 0.00134106 0.0149549 0.0112007 0.00172517 0.0 0.0 0.0536693 0.00063113 0.00583586 0.0 0.000956991 0.0 0.0 0.0 0.0144101 0.00186914 0.0447578 0.00225837 0.00165504 0.00786257 0.0147693 0.00133261 0.0 0.00273867 0.000878798 0.00163119 0.00414849 0.00393471 0.00325077 0.00181155 0.0257311 0.00104525 0.0122281 0.000465522 0.000622881 0.00143567 0.00195462 0.00213065 0.0341616 0.00278384 0.0 0.0176717 0.00401105 0.00338164 0.00606991 0.00958101 0.0321885 0.0243459 0.0195127 0.0421307 0.00481888 0.0265311 0.00761775 0.00618518 0.0 0.0601356 0.0255405 0.00114648 0.0 0.00248834 0.00906782 0.00169943 0.0 0.0 
SER22A 0.0248324 0.0 0.0 0.000667454 0.00629882 0.00277766 0.0 0.00226427 0.00434194 0.00264397 0.0 0.00357179 0.0136504 0.0 0.00172591 0.00416017 0.0035678 0.0121254 0.0205114 0.116359 0.177637 0 0.132482 0.00602766 0.014035 0.00675973 0.00863024 0.0721999 0.0172503 0.00261838 0.00305576 0.0166503 0.0078911 0.011424 0.00480276 0.0762046 0.0269444 0.00792502 0.00428603 0.00174471 0.00203002 0.0328757 0.0330261 0.00655525 0.00437629 0.0072199 0.0 0.0 0.00371383 0.000679771 0.00790461 0.026579 0.0572406 0.00487683 0.0041643 0.00473477 0.0 0.00453721 0.000909079 0.0 0.0 0.000539402 0.0 0.0 0.0 0.0115545 0.00360883 0.00183357 0.00213468 0.0 0.000961652 0.0223916 0.000985319 0.0 0.00400823 0.00880849 0.0143835 0.00487725 0.00294934 0.0113963 0.0 0.0 0.00242927 0.00509835 0.000984568 0.0 0.0 0.0153344 0.0013922 0.0424342 0.0 0.0363836 0.0 0.000421464 0.0 0.0 0.0 0.00746552 0.0116845 0.108617 0.0 0.0 0.00235644 0.00728763 0.0014203 0.0 0.000592868 0.000415479 0.00439932 0.00029109 0.000950607 0.00240224 0.00121905 0.0 0.00308808 0.0361806 0.000583749 0.0 0.00103835 0.000608186 0.00443291 0.00217453 0.0013506 0.0056871 0.0951056 0.018716 0.00281484 0.0 0.0279265 0.0107859 0.0168262 0.00565626 0.0328947 0.00089067 0.0124049 0.01245 0.0556024 0.0 0.269968 0.017217 0.00100935 0.000802308 0.00094078 0.000892863 0.00228365 0.0 0.00067083 
ALA23A 0.00141186 0.0 0.00806059 0.0 0.00209446 0.00328923 0.0114287 0.000776162 0.00388387 0.00585496 0.0 0.00429314 0.0137245 0.0 0.00263922 0.0 0.00261505 0.0102826 0.0128016 0.0151441 0.00359267 0.132482 0 0.698342 0.0137683 0.0873154 0.0629892 0.0188315 0.0279742 0.0359576 0.0238395 0.0249605 0.057692 0.0695804 0.0047178 0.0107009 0.0286562 0.0112408 0.00929991 0.00180335 0.00653963 0.0222546 0.012916 0.0 0.00295015 0.00530012 0.0 0.0 0.0 0.000902226 0.011486 0.021786 0.00526607 0.00549283 0.0153474 0.0109102 0.0 0.000746265 0.0 0.0 0.0 0.00281552 0.00555385 0.0 0.000992169 0.00257088 0.0138129 0.000748367 0.00613594 0.0 0.0 0.0214237 0.0 0.0 0.000792831 0.00102577 0.0 0.00211887 0.0119082 0.00545983 0.0019852 0.0 0.00374444 0.00525222 0.0192991 0.028522 0.00419021 0.00386968 0.00240904 0.0249143 0.0011274 0.00838532 0.00097196 0.0 0.0 0.0 0.0 0.00454037 0.0181298 0.0322587 0.000540349 0.0 0.00130989 0.00149233 0.00110296 0.0 0.00270029 0.00187077 0.0 0.00532271 0.000650366 0.00206172 0.00206029 0.0258149 0.00173462 0.0592005 0.0129653 0.00108243 0.00556689 0.000931446 0.00256007 0.0414007 0.00553788 0.00217105 0.0118109 0.0188842 0.00510296 0.0120527 0.0153801 0.0558799 0.0637027 0.0577828 0.0058033 0.014067 0.0156155 0.00406233 0.00333233 0.0 0.0592546 0.0050468 0.00080827 0.0 0.00463777 0.00945761 0.00150751 0.0030026 0.00100683 
GLY24A 0.00259841 0.0 0.0251858 0.00640895 0.00653194 0.010173 0.0329351 0.013441 0.00895113 0.0124129 0.00507906 0.0286929 0.012379 0.00172238 0.017251 0.00286838 0.00624283 0.0208335 0.0368938 0.0332942 0.00949273 0.00602766 0.698342 0 0.0765822 0.24674 0.135421 0.0541778 0.0823812 0.108196 0.0690777 0.0788864 0.154073 0.17404 0.00595991 0.0143676 0.0654934 0.0167724 0.00883499 0.0 0.0115429 0.0699359 0.0224502 0.00232883 0.00490578 0.0213057 0.0 0.0 0.00270239 0.00543194 0.0291507 0.0523613 0.022088 0.015042 0.0404144 0.0260446 0.0 0.00119212 0.0 0.0 0.0 0.00800468 0.0138372 0.0 0.00250231 0.00413985 0.0325377 0.00293023 0.0150298 0.0005296 0.00250478 0.0708355 0.000792693 0.0 0.00380206 0.0035825 0.00563065 0.00471221 0.0240976 0.0150788 0.00796974 0.00215206 0.0099552 0.014141 0.0634258 0.0663447 0.0127176 0.0105158 0.00663692 0.0812825 0.00838556 0.0301506 0.00436509 0.000890009 0.0 0.0 0.00234379 0.0170611 0.0362485 0.0787673 0.0078513 0.00092454 0.00268376 0.00800537 0.00418385 0.000675128 0.0038473 0.0052772 0.00106994 0.00908989 0.00156391 0.00101826 0.00487856 0.0727223 0.00292241 0.141017 0.0279833 0.00246343 0.0159558 0.00662786 0.00764621 0.111586 0.0138085 0.00602426 0.048111 0.043151 0.0115915 0.021699 0.0337705 0.133482 0.166533 0.130563 0.0338388 0.029034 0.0299817 0.00572155 0.0126047 0.0 0.138879 0.00790801 0.00276126 0.0 0.0172071 0.0193664 0.0076597 0.00745798 0.00395357 
PRO25A 0.000874843 0.00127595 0.00896396 0.00404629 0.00236459 0.00318308 0.00552018 0.00909065 0.00151177 0.00174495 0.00563878 0.0185547 0.000689544 0.00236294 0.0189903 0.00444496 0.00285037 0.0198733 0.0263548 0.0138309 0.0 0.014035 0.0137683 0.0765822 0 0.218818 0.0523978 0.0624401 0.0488881 0.0537575 0.0351877 0.0507212 0.0459521 0.0493177 0.0 0.0151975 0.00974274 0.0073769 0.00686325 0.00134518 0.00422157 0.0153007 0.0120574 0.0010899 0.000824244 0.00711572 0.0 0.0 0.00449685 0.00328287 0.00492016 0.0112775 0.0151706 0.00159545 0.0299486 0.00889495 0.0 0.00117996 0.000819759 0.0 0.0 0.0 0.00263895 0.0 0.000791664 0.000680424 0.000831127 0.0 0.00077336 0.0 0.0 0.0231598 0.0 0.0 0.0 0.0 0.00573868 0.00682222 0.0739091 0.0252502 0.00938335 0.00724588 0.0154314 0.00808146 0.0268668 0.0191176 0.00209127 0.00844317 0.00128195 0.0226588 0.00825692 0.0124371 0.000818215 0.0 0.0 0.0 0.0010656 0.00759708 0.00484642 0.0274368 0.00461932 0.0 0.00610162 0.000710299 0.0 0.0 0.00100812 0.0 0.0 0.0103556 0.00467898 0.00614528 0.0033607 0.0176932 0.00153093 0.045329 0.00915939 0.00162855 0.0151426 0.00331749 0.00283967 0.0508316 0.00369365 0.00169431 0.0750139 0.0106977 0.00659499 0.0074039 0.0166611 0.0667059 0.0598001 0.0608231 0.0242075 0.0180715 0.0413532 0.0361794 0.0229154 0.0 0.0583531 0.0140006 0.00399216 0.0 0.0156934 0.0728356 0.00496083 0.0015116 0.00177771 
VAL26A 0.00659443 0.00976684 0.00912477 0.0441663 0.0309755 0.0361603 0.280386 0.0390066 0.0346184 0.0 0.0789699 0.256056 0.0351805 0.00285293 0.337473 0.0 0.00998281 0.165878 0.210854 0.318181 0.0184524 0.00675973 0.0873154 0.24674 0.218818 0 0.77356 0.370281 0.567083 0.44145 0.166139 0.595476 0.405727 0.88003 0.0297458 0.0940332 0.206913 0.0822423 0.0530752 0.0172989 0.0403359 0.209779 0.153057 0.0194507 0.0200656 0.191997 0.00344072 0.00718651 0.0328409 0.0245186 0.0668268 0.0212574 0.0997467 0.0498626 0.494989 0.0628305 0.00233333 0.00692467 0.023146 0.002519 0.0 0.0202614 0.0227801 0.00357489 0.00194824 0.020029 0.0821433 0.00319361 0.036187 0.00823253 0.0163319 0.262767 0.0109499 0.00219971 0.00923411 0.013769 0.0401734 0.0594292 0.77948 0.130256 0.0714116 0.0702884 0.226316 0.0603323 0.234209 0.319201 0.0176004 0.0674284 0.00705865 0.277237 0.0223808 0.120566 0.0163208 0.0173049 0.00068185 0.0 0.0149458 0.120968 0.176148 0.490532 0.0570323 0.00556287 0.00751778 0.00832831 0.0478638 0.00501567 0.0230021 0.0252755 0.0115437 0.137822 0.0654782 0.0410205 0.0361595 0.379178 0.0214053 0.651207 0.0373436 0.00602652 0.106027 0.0187016 0.0292673 0.428868 0.0414438 0.0271492 0.708721 0.185283 0.0682832 0.14412 0.161997 0.571716 0.526244 0.777977 0.243995 0.172291 0.386774 0.248693 0.117604 0.00049114 0.689152 0.188795 0.0374881 0.00734754 0.0828105 0.417294 0.0606737 0.0222209 0.0219086 
GLY27A 0.00518681 0.00327334 0.0372933 0.00674067 0.00643974 0.0187454 0.11703 0.0141523 0.00758003 0.00723494 0.0105693 0.0688391 0.0164218 0.0 0.0419222 0.0 0.00323406 0.0833124 0.104643 0.0801802 0.0039078 0.00863024 0.0629892 0.135421 0.0523978 0.77356 0 0.451409 0.215007 0.187075 0.11532 0.247222 0.192136 0.37723 0.0132056 0.0464189 0.0771399 0.0586558 0.0566148 0.00746385 0.0356154 0.12307 0.0603988 0.0125019 0.0148541 0.0480209 0.0 0.00219163 0.00666731 0.00999837 0.0413107 0.0769161 0.0415846 0.0265266 0.235597 0.0336161 0.00154345 0.00270643 0.00910234 0.0 0.0 0.0126561 0.0252156 0.00236206 0.0 0.0126534 0.0397287 0.0 0.0218103 0.00486551 0.0057652 0.169317 0.0032853 0.0 0.0041243 0.0077365 0.0219081 0.0238704 0.0488223 0.0220657 0.0359826 0.00247169 0.0390542 0.0261385 0.106455 0.190228 0.0176476 0.0345814 0.0105307 0.107169 0.0125486 0.0318367 0.0105371 0.00907932 0.0 0.0 0.00570156 0.0327967 0.0846564 0.160556 0.0365009 0.0 0.0156321 0.00289383 0.0263544 0.00169653 0.0128323 0.013619 0.00357098 0.0355972 0.0112629 0.0113952 0.0220992 0.176642 0.0102809 0.399594 0.0613158 0.00209057 0.0285452 0.00785913 0.0126198 0.171203 0.027312 0.0136769 0.056052 0.113795 0.0401492 0.0773131 0.0873785 0.31307 0.354442 0.376003 0.0496045 0.0989393 0.230922 0.0142542 0.0417342 0.0 0.391573 0.0198925 0.00907958 0.0 0.0304813 0.0902012 0.0122462 0.0182522 0.0172068 
ASP28A 0.00371974 0.00122085 0.00421448 0.0156672 0.0109927 0.00408415 0.0260016 0.00265422 0.00596373 0.00120649 0.00320191 0.018227 0.023109 0.0 0.013631 0.000927312 0.0108748 0.166107 0.196089 0.114405 0.00309989 0.0721999 0.0188315 0.0541778 0.0624401 0.370281 0.451409 0 0.473752 0.138702 0.0583143 0.0994117 0.0722078 0.0943393 0.0044414 0.0408845 0.0298916 0.0213812 0.0138526 0.00204294 0.0165474 0.132216 0.0234348 0.00618267 0.00715856 0.0104082 0.0019512 0.00421458 0.00648861 0.0032132 0.0306996 0.00669868 0.0222131 0.00869733 0.0570478 0.0104545 0.000670809 0.00173377 0.00305462 0.0 0.0 0.00224987 0.00394135 0.0 0.0 0.00548499 0.0032768 0.000488894 0.00942865 0.00240445 0.00623014 0.0377015 0.00467207 0.0 0.0 0.012664 0.00846132 0.0192262 0.536449 0.119026 0.0282064 0.0579109 0.11456 0.0132999 0.0178228 0.00579704 0.00162827 0.0115157 0.0048802 0.0276712 0.00767283 0.0409789 0.00149854 0.0 0.0 0.0 0.00256294 0.0081002 0.0134645 0.0947105 0.00606901 0.0 0.00334477 0.0 0.00327799 0.00131131 0.00147861 0.00260424 0.0 0.00802428 0.0180017 0.0535454 0.0155639 0.0374168 0.00596532 0.166872 0.0308821 0.00793218 0.241344 0.0045544 0.0070067 0.126111 0.0119754 0.00311572 0.644677 0.0271949 0.00877067 0.029144 0.0224166 0.0882398 0.092139 0.117398 0.0178433 0.0246309 0.0607859 0.0265794 0.116429 0.0 0.230601 0.0234572 0.0114806 0.00476658 0.0690863 0.343521 0.0279431 0.00850975 0.00710569 
